30 30
399 399 399 399 399 399 399 399 399 399 399 399 399 399 399 399 399 399 399 399 399 399 399 399 399 399 399 399 399 399
399 399 399 399 399 399 399 399 399 399 399 399 399 399 399 399 399 399 399 399 399 399 399 399 399 399 399 399 399 399
399 399 399 399 399 399 399 399 399 399 399 399 399 399 399 399 399 399 399 399 399 399 399 399 399 399 399 399 399 399
399 399 399 399 399 399 399 399 399 399 399 399 399 399 399 399 399 399 399 399 399 399 399 399 399 399 399 399 399 399
399 399 399 399 399 399 399 399 399 399 399 399 399 399 399 399 399 399 399 399 399 399 399 399 399 399 399 399 399 399
399 399 399 399 399 399 399 399 399 399 399 399 399 399 399 399 399 399 399 399 399 399 399 399 399 399 399 399 399 399
399 399 399 399 399 399 399 399 399 399 399 399 399 399 399 399 399 399 399 399 399 399 399 399 399 399 399 399 399 399
399 399 399 399 399 399 399 399 399 399 399 399 399 399 399 399 399 399 399 399 399 399 399 399 399 399 399 399 399 399
399 399 399 399 399 399 399 399 399 399 399 399 399 399 399 399 399 399 399 399 399 399 399 399 399 399 399 399 399 399
399 399 399 399 399 399 399 399 399 399 399 399 399 399 399 399 399 399 399 399 399 399 399 399 399 399 399 399 399 399
399 399 399 399 399 399 399 399 399 399 399 399 399 399 399 399 399 399 399 399 399 399 399 399 399 399 399 399 399 399
399 399 399 399 399 399 399 399 399 399 399 399 399 399 399 399 399 399 399 399 399 399 399 399 399 399 399 399 399 399
399 399 399 399 399 399 399 399 399 399 399 399 399 399 399 399 399 399 399 399 399 399 399 399 399 399 399 399 399 399
399 399 399 399 399 399 399 399 399 399 399 399 399 399 399 399 399 399 399 399 399 399 399 399 399 399 399 399 399 399
399 399 399 399 399 399 399 399 399 399 399 399 399 399 399 399 399 399 399 399 399 399 399 399 399 399 399 399 399 399
399 399 399 399 399 399 399 399 399 399 399 399 399 399 399 399 399 399 399 399 399 399 399 399 399 399 399 399 399 399
399 399 399 399 399 399 399 399 399 399 399 399 399 399 399 399 399 399 399 399 399 399 399 399 399 399 399 399 399 399
399 399 399 399 399 399 399 399 399 399 399 399 399 399 399 399 399 399 399 399 399 399 399 399 399 399 399 399 399 399
399 399 399 399 399 399 399 399 399 399 399 399 399 399 399 399 399 399 399 399 399 399 399 399 399 399 399 399 399 399
399 399 399 399 399 399 399 399 399 399 399 399 399 399 399 399 399 399 399 399 399 399 399 399 399 399 399 399 399 399
399 399 399 399 399 399 399 399 399 399 399 399 399 399 399 399 399 399 399 399 399 399 399 399 399 399 399 399 399 399
399 399 399 399 399 399 399 399 399 399 399 399 399 399 399 399 399 399 399 399 399 399 399 399 399 399 399 399 399 399
399 399 399 399 399 399 399 399 399 399 399 399 399 399 399 399 399 399 399 399 399 399 399 399 399 399 399 399 399 399
399 399 399 399 399 399 399 399 399 399 399 399 399 399 399 399 399 399 399 399 399 399 399 399 399 399 399 399 399 399
399 399 399 399 399 399 399 399 399 399 399 399 399 399 399 399 399 399 399 399 399 399 399 399 399 399 399 399 399 399
399 399 399 399 399 399 399 399 399 399 399 399 399 399 399 399 399 399 399 399 399 399 399 399 399 399 399 399 399 399
399 399 399 399 399 399 399 399 399 399 399 399 399 399 399 399 399 399 399 399 399 399 399 399 399 399 399 399 399 399
399 399 399 399 399 399 399 399 399 399 399 399 399 399 399 399 399 399 399 399 399 399 399 399 399 399 399 399 399 399
399 399 399 399 399 399 399 399 399 399 399 399 399 399 399 399 399 399 399 399 399 399 399 399 399 399 399 399 399 399
399 399 399 399 399 399 399 399 399 399 399 399 399 399 399 399 399 399 399 399 399 399 399 399 399 399 399 399 399 399
