75 20000
409 10947 115
345 27386 -1
8 5986 3
350 7362 -1
27 11843 -1
1 1525 131
93 14993 131
392 24964 -1
375 17098 47
347 19550 59
418 3014 91
69 1480 154
82 16925 -1
61 22737 139
346 22700 85
311 18431 87
66 6617 -1
287 15090 113
266 9915 93
153 17460 -1
367 3646 -1
137 12279 157
479 7529 169
459 19607 123
72 246 68
171 11644 167
72 21949 -1
131 17202 46
435 578 -1
292 427 128
63 5117 99
431 10976 69
324 77 130
141 9136 119
320 28204 13
454 7416 107
475 18553 152
423 11708 71
267 19701 89
318 22657 88
42 6962 72
12 17347 105
4 3815 17
158 8340 85
446 3074 17
55 24411 63
405 13391 -1
28 23611 15
179 13604 -1
8 161 196
367 14828 90
363 1954 -1
33 12207 -1
132 12894 -1
238 17609 -1
78 26803 -1
34 20588 200
227 15203 101
77 17062 -1
37 19008 90
201 12367 198
86 24465 75
298 25194 87
89 1797 55
319 28733 -1
486 24923 -1
343 23724 98
17 23809 2
54 343 33
79 4494 -1
25 11620 128
389 20930 20
208 6733 86
38 20644 82
388 3514 2
