500 499
1 2 1039
2 3 510
3 4 1549
4 5 1020
5 6 491
6 7 1530
7 8 1001
8 9 472
9 10 1511
10 11 982
11 12 453
12 13 1492
13 14 963
14 15 434
15 16 1473
16 17 944
17 18 415
18 19 1454
19 20 925
20 21 396
21 22 1435
22 23 906
23 24 377
24 25 1416
25 26 887
26 27 358
27 28 1397
28 29 868
29 30 339
30 31 1378
31 32 849
32 33 320
33 34 1359
34 35 830
35 36 301
36 37 1340
37 38 811
38 39 282
39 40 1321
40 41 792
41 42 263
42 43 1302
43 44 773
44 45 244
45 46 1283
46 47 754
47 48 225
48 49 1264
49 50 735
50 51 206
51 52 1245
52 53 716
53 54 187
54 55 1226
55 56 697
56 57 168
57 58 1207
58 59 678
59 60 149
60 61 1188
61 62 659
62 63 130
63 64 1169
64 65 640
65 66 111
66 67 1150
67 68 621
68 69 92
69 70 1131
70 71 602
71 72 73
72 73 1112
73 74 583
74 75 54
75 76 1093
76 77 564
77 78 35
78 79 1074
79 80 545
80 81 16
81 82 1055
82 83 526
83 84 1565
84 85 1036
85 86 507
86 87 1546
87 88 1017
88 89 488
89 90 1527
90 91 998
91 92 469
92 93 1508
93 94 979
94 95 450
95 96 1489
96 97 960
97 98 431
98 99 1470
99 100 941
100 101 412
101 102 1451
102 103 922
103 104 393
104 105 1432
105 106 903
106 107 374
107 108 1413
108 109 884
109 110 355
110 111 1394
111 112 865
112 113 336
113 114 1375
114 115 846
115 116 317
116 117 1356
117 118 827
118 119 298
119 120 1337
120 121 808
121 122 279
122 123 1318
123 124 789
124 125 260
125 126 1299
126 127 770
127 128 241
128 129 1280
129 130 751
130 131 222
131 132 1261
132 133 732
133 134 203
134 135 1242
135 136 713
136 137 184
137 138 1223
138 139 694
139 140 165
140 141 1204
141 142 675
142 143 146
143 144 1185
144 145 656
145 146 127
146 147 1166
147 148 637
148 149 108
149 150 1147
150 151 618
151 152 89
152 153 1128
153 154 599
154 155 70
155 156 1109
156 157 580
157 158 51
158 159 1090
159 160 561
160 161 32
161 162 1071
162 163 542
163 164 13
164 165 1052
165 166 523
166 167 1562
167 168 1033
168 169 504
169 170 1543
170 171 1014
171 172 485
172 173 1524
173 174 995
174 175 466
175 176 1505
176 177 976
177 178 447
178 179 1486
179 180 957
180 181 428
181 182 1467
182 183 938
183 184 409
184 185 1448
185 186 919
186 187 390
187 188 1429
188 189 900
189 190 371
190 191 1410
191 192 881
192 193 352
193 194 1391
194 195 862
195 196 333
196 197 1372
197 198 843
198 199 314
199 200 1353
200 201 824
201 202 295
202 203 1334
203 204 805
204 205 276
205 206 1315
206 207 786
207 208 257
208 209 1296
209 210 767
210 211 238
211 212 1277
212 213 748
213 214 219
214 215 1258
215 216 729
216 217 200
217 218 1239
218 219 710
219 220 181
220 221 1220
221 222 691
222 223 162
223 224 1201
224 225 672
225 226 143
226 227 1182
227 228 653
228 229 124
229 230 1163
230 231 634
231 232 105
232 233 1144
233 234 615
234 235 86
235 236 1125
236 237 596
237 238 67
238 239 1106
239 240 577
240 241 48
241 242 1087
242 243 558
243 244 29
244 245 1068
245 246 539
246 247 10
247 248 1049
248 249 520
249 250 1559
250 251 1030
251 252 501
252 253 1540
253 254 1011
254 255 482
255 256 1521
256 257 992
257 258 463
258 259 1502
259 260 973
260 261 444
261 262 1483
262 263 954
263 264 425
264 265 1464
265 266 935
266 267 406
267 268 1445
268 269 916
269 270 387
270 271 1426
271 272 897
272 273 368
273 274 1407
274 275 878
275 276 349
276 277 1388
277 278 859
278 279 330
279 280 1369
280 281 840
281 282 311
282 283 1350
283 284 821
284 285 292
285 286 1331
286 287 802
287 288 273
288 289 1312
289 290 783
290 291 254
291 292 1293
292 293 764
293 294 235
294 295 1274
295 296 745
296 297 216
297 298 1255
298 299 726
299 300 197
300 301 1236
301 302 707
302 303 178
303 304 1217
304 305 688
305 306 159
306 307 1198
307 308 669
308 309 140
309 310 1179
310 311 650
311 312 121
312 313 1160
313 314 631
314 315 102
315 316 1141
316 317 612
317 318 83
318 319 1122
319 320 593
320 321 64
321 322 1103
322 323 574
323 324 45
324 325 1084
325 326 555
326 327 26
327 328 1065
328 329 536
329 330 7
330 331 1046
331 332 517
332 333 1556
333 334 1027
334 335 498
335 336 1537
336 337 1008
337 338 479
338 339 1518
339 340 989
340 341 460
341 342 1499
342 343 970
343 344 441
344 345 1480
345 346 951
346 347 422
347 348 1461
348 349 932
349 350 403
350 351 1442
351 352 913
352 353 384
353 354 1423
354 355 894
355 356 365
356 357 1404
357 358 875
358 359 346
359 360 1385
360 361 856
361 362 327
362 363 1366
363 364 837
364 365 308
365 366 1347
366 367 818
367 368 289
368 369 1328
369 370 799
370 371 270
371 372 1309
372 373 780
373 374 251
374 375 1290
375 376 761
376 377 232
377 378 1271
378 379 742
379 380 213
380 381 1252
381 382 723
382 383 194
383 384 1233
384 385 704
385 386 175
386 387 1214
387 388 685
388 389 156
389 390 1195
390 391 666
391 392 137
392 393 1176
393 394 647
394 395 118
395 396 1157
396 397 628
397 398 99
398 399 1138
399 400 609
400 401 80
401 402 1119
402 403 590
403 404 61
404 405 1100
405 406 571
406 407 42
407 408 1081
408 409 552
409 410 23
410 411 1062
411 412 533
412 413 4
413 414 1043
414 415 514
415 416 1553
416 417 1024
417 418 1553
418 419 514
419 420 1043
420 421 4
421 422 533
422 423 1062
423 424 23
424 425 552
425 426 1081
426 427 42
427 428 571
428 429 1100
429 430 61
430 431 590
431 432 1119
432 433 80
433 434 609
434 435 1138
435 436 99
436 437 628
437 438 1157
438 439 118
439 440 647
440 441 1176
441 442 137
442 443 666
443 444 1195
444 445 156
445 446 685
446 447 1214
447 448 175
448 449 704
449 450 1233
450 451 194
451 452 723
452 453 1252
453 454 213
454 455 742
455 456 1271
456 457 232
457 458 761
458 459 1290
459 460 251
460 461 780
461 462 1309
462 463 270
463 464 799
464 465 1328
465 466 289
466 467 818
467 468 1347
468 469 308
469 470 837
470 471 1366
471 472 327
472 473 856
473 474 1385
474 475 346
475 476 875
476 477 1404
477 478 365
478 479 894
479 480 1423
480 481 384
481 482 913
482 483 1442
483 484 403
484 485 932
485 486 1461
486 487 422
487 488 951
488 489 1480
489 490 441
490 491 970
491 492 1499
492 493 460
493 494 989
494 495 1518
495 496 479
496 497 1008
497 498 1537
498 499 498
499 500 1027
1 500